644
744
569
329
45
718
27
835
942
641
228
334
239
309
925
214
739
985
155
155
819
126
718
716
929
949
427
868
276
574
132
846
816
490
311
315
700
591
600
491
691
105
938
596
642
325
180
711
25
142
893
880
705
72
773
88
552
616
564
566
267
517
628
745
797
716
346
18
998
604
333
440
815
431
51
406
81
612
790
334
186
16
119
389
306
229
877
336
551
209
475
648
429
717
778
144
219
408
140
524
475
465
204
359
635
249
933
273
882
504
978
305
746
265
863
668
652
805
700
433
538
582
67
985
919
417
477
438
298
829
378
598
594
763
924
463
371
719
888
703
991
670
926
32
450
976
85
919
607
939
